0.08588641033592549, 0.06991091676588569
0.06704577124592932, 0.06623014169079917
0.06360082905739546, 0.06451953175876822
0.06214779368178411, 0.06271208144192185
0.061567722108553755, 0.062095286058528085
0.06081761831248349, 0.06224526930600405
0.059987873465500094, 0.06413818164063352
0.0591623440892859, 0.06028709959770952
0.05756971023299477, 0.0568302758038044
0.054742803221399135, 0.05538378482950585
0.05005639044737274, 0.048049367032945156
0.04661359863186425, 0.046894783420222144
0.045232067932374775, 0.04610137668039117
0.044575763612308285, 0.04730028339794704
0.04432749163190072, 0.04567299277654716
0.04401503037661314, 0.04490545604910169
0.043542209115218035, 0.04418161551335028
0.04310301689600403, 0.04351122783763068
0.043193230913444, 0.043762058418776305
0.04331574566154318, 0.04371450189501047
0.04297820141708309, 0.04364127732281174
0.04286766023459759, 0.04382226310138192
0.04271231816065582, 0.043585769699088166
0.04243070133750073, 0.04379208678645747
0.042419182128188286, 0.04322792110698564
0.042296132936396384, 0.042941601015627384
0.04220103636722673, 0.042827083197023184
0.04222784960134463, 0.04373646394482681
0.04210062153976072, 0.04472589572625501
0.041750559727237985, 0.0419649020768702
0.041835342152890836, 0.04376398838524308
0.04144220925359563, 0.04217854381671974
0.040951899989423425, 0.04145088738628796
0.04086119944060391, 0.041789260027664046
0.04064609222960743, 0.04156973505658763
0.04085760853168639, 0.0448077301095639
0.040809220261871816, 0.04095150277550731
0.040273499480363996, 0.04108392207750252
0.04024901295250112, 0.04334341934216874
0.04011522726240483, 0.04075451960254993
0.03965791767801751, 0.04087183963773506
0.03974047453058037, 0.04052114440128207
0.039665411082519725, 0.04516513126769236
0.039735277903012255, 0.04023139285189765
0.03915150975808501, 0.03975391527637839
0.03914626493880695, 0.04020741701658283
0.0390599336983128, 0.04044776848916497
0.03917025590992786, 0.04015241150877306
0.03884633726186373, 0.039787458056317906
0.038941024108366536, 0.039587502367794514
0.03895913054319945, 0.040134330945355554
0.03861036742190746, 0.03963219254676785
0.038534864063628695, 0.04023747784750802
0.03838724389841611, 0.039458687151116986
0.038933083745227616, 0.04042934047590409
0.03851605017923496, 0.03987747497324433
0.03852834329009056, 0.0390280379381563
0.03811663412065668, 0.04043135007045099
0.03783107744106515, 0.03875596721523574
0.03762130392715335, 0.03831373394599983
0.03770583263513717, 0.038882601474012644
0.037480502236973155, 0.03878958456750427
0.03726779181002216, 0.03812640153669885
0.03728373447771777, 0.037724265562636514
0.036969553878192195, 0.037832879062209814
0.036814908988096494, 0.038068466420684545
0.03655986338430508, 0.037832340957330804
0.03661125403913584, 0.037579716848475594
0.03647651817141609, 0.03788567873250161
0.036170780015262693, 0.03833790382902537
0.0358324337835339, 0.03644535517586129
0.035736905758015136, 0.037569940755409856
0.03531991576098583, 0.03576662437990308
0.03501731298694556, 0.035710468755236695
0.03430114856243811, 0.03475568636453578
0.03396605322645469, 0.034649954443531375
0.03392822257327763, 0.035201077083391805
0.03374810901216485, 0.03449747099408081
0.03317245755937289, 0.03408319363370538
0.03330877880481156, 0.03483877005055547
0.03303373592313041, 0.034316179542137046
0.03259616572706198, 0.03323370424498405
0.03260415661233393, 0.033928905480674336
0.03239590000699867, 0.033051423861512115
0.03231879878704521, 0.032987380134207864
0.03235163630240343, 0.033858747886759896
0.03223665387697772, 0.03268958115950227
0.03208336363631216, 0.03291599040052721
0.03199682099829343, 0.032571976472224505
0.03253287583250891, 0.032480575676475255
0.03190705878236754, 0.03231263094182525
0.031913856632838196, 0.032622669623898606
0.03184207443317229, 0.032831689808517694
0.03220737011764537, 0.03375953721946904
0.03209734569642354, 0.03297969199983137
0.03253450323404236, 0.036075010762682984
0.03218231972899627, 0.032205209136009216
0.03177303897047585, 0.03236940323508212
0.03257022700695829, 0.032939896054033725
0.03228399375961585, 0.03272573796233961
0.031567323341203685, 0.032408329525164196
0.03186672490767457, 0.03285938960367015
0.03182658995078368, 0.03317530852343355
0.03164557117058642, 0.03195538138970733
0.03147584064440294, 0.03259349348289626
0.03146856602873992, 0.031951880015965016
0.031362469267862084, 0.03226314205676317
0.03146954337981614, 0.03211062315053174
0.03129143534778533, 0.03200485464185476
0.031264415656385776, 0.03177489799314311
0.03131813673641194, 0.0324189269782177
0.03161601868712089, 0.032427768289510696
0.03144220572218976, 0.03211924606668098
0.031323510768230665, 0.031969447287597826
0.03120991656218063, 0.03243873607633369
0.03122540698810057, 0.03173458103888801
0.031199806297875263, 0.03212399488048894
0.031213019921613686, 0.031843722598361116
0.03155436184765263, 0.03222843499055931
0.03132610911164772, 0.03193935984745622
0.03117290273816748, 0.03168911999091506
0.03173738735812631, 0.03432837674128158
0.03184827459044755, 0.032243850108768256
0.03130854806778106, 0.032045620027929544
0.031238289084285498, 0.03150820193280067
0.031051528195596555, 0.03159846877679229
0.030996171780861913, 0.03162851636963231
0.031092641832814974, 0.03228249793340053
0.03103977699171413, 0.03206048107572964
0.03140178755433722, 0.03300245299137065
0.031107623625377362, 0.0319723562071366
0.0309090829285031, 0.03164689036618386
0.031150549557060002, 0.033734256135565896
0.03126325482417914, 0.031750014650502374
0.030979113610969347, 0.031514788179525306
0.031072908504442734, 0.03210688741611583
0.03097508714682507, 0.031972932762333324
0.030899268852292813, 0.03173149995771902
0.030930653942579572, 0.0316901524950351
0.030882520370439374, 0.0319308125014816
0.031140780982307412, 0.03288224013522267
0.031144528107886964, 0.03184237178148968
0.030943417515267024, 0.03171722637489438
0.03080204003067179, 0.03148892994171807
0.030804523844695227, 0.03144253564200231
0.030850076747380873, 0.03156611429793494
0.030857156543061138, 0.0316230306800987
0.031030599874528973, 0.03179675294086337
0.03079857690397396, 0.03154083101877144
0.031243192506107416, 0.03295189002528787
0.03112808851609853, 0.03184281961460199
0.03099930856207555, 0.03227165614121726
0.03084200502119281, 0.03153994573014123
0.031347109491682866, 0.031731864370937855
0.030904555159874936, 0.03167954433177199
0.03092956247485497, 0.03148977232298681
0.031032595885070888, 0.031823669759822745
0.030794484361963855, 0.031563091557472944
0.030645375364375387, 0.03137920796871185
0.030856945259835233, 0.03189559753185937
0.03105498327958313, 0.03182540594467095
0.03123509938066656, 0.03170236353097217
0.030959719402546233, 0.031741470231541564
0.030722516438585114, 0.031321455857583454
0.030637597500092605, 0.03149790383343186
0.03059612224936824, 0.03135981996144567
0.03066010913091966, 0.03127963568216988
0.030904745192013004, 0.03161775507032871
0.03088017967529595, 0.031447113558117835
0.030599482848562978, 0.03153959921162043
0.030560068974525414, 0.03149994296420898
0.030867689026688988, 0.03189632675743529
0.030723872607764366, 0.03134545244808708
0.03057092448950491, 0.03156492659556014
0.03051125065169551, 0.031469175059880526
0.03060758870560676, 0.03126615006476641
0.030705638775940645, 0.03201302287301847
0.03126118185675957, 0.03233184791835291
0.030752305292778396, 0.031381571266267984
0.03046891289678487, 0.03157310327515006
0.030823194286362692, 0.03142575580360634
0.031081322343512015, 0.03317920817062259
0.030783998991616747, 0.031188206414559057
0.030520039005205037, 0.03167347942612001
0.030497014880265023, 0.03136810693623764
0.03084084792909297, 0.03174211058233466
0.030575048498047347, 0.031387569050171545
0.030479452646845442, 0.03138681986768331
0.03047500553921881, 0.03169502244730081
0.030428022017109802, 0.03141383208068354
0.030654679391194473, 0.031193446634071215
0.03054421988146549, 0.03122872972328748
0.0306678812823851, 0.03156249577711735
0.03088317806409164, 0.031364563453410356
0.030566620056263424, 0.03141239830957992
0.030407222169874744, 0.031210055641297783
0.030404098217629575, 0.03128280297720006
0.030377185393378817, 0.03121124966336148
0.030891826714981686, 0.031882149366928
0.030549275638027625, 0.03123881800898484
0.030381812462159857, 0.031178651177989587
0.030383131285833025, 0.031216207026903118
0.03047907054424286, 0.03115708926426513
0.030356584569777956, 0.03132274534021105
0.030645302928645504, 0.03153101394751242
0.03057141315445981, 0.031121288426220417
0.030380357199729504, 0.031489575813923566
0.030967703309248796, 0.03148452751338482
0.030530010011385788, 0.0313376286732299
0.030435758219523865, 0.03126534280766334
0.030576877592300825, 0.031244817322918346
0.030820214773782276, 0.03147207932280643
0.030404557289809665, 0.031213756584163223
0.030646264815533703, 0.031331822010023255
0.030605605041438885, 0.03120923800660031
0.030658845556899905, 0.03136449021154216
0.03041904690590772, 0.03126315020823053
0.030347274263939735, 0.03115376171522907
0.030279094984077593, 0.031165204609611204
0.03027790898076174, 0.03149401383208377
0.030603719578886576, 0.03128968777933291
0.030617378669028934, 0.031171207316219807
0.0303707050582902, 0.031227440307182924
0.030361170804297382, 0.031093490443059375
0.030281361758666622, 0.031334618505622656
0.030273440505631945, 0.03120078718555825
0.030281973464033482, 0.031178075820207596
0.030276632649739357, 0.03136229608207941
0.03049610848961906, 0.03165317167128835
0.030589075039394877, 0.03139182047120163
0.03034809060204266, 0.03124902430655701
0.03042961422946643, 0.03169629875836628
0.030333292912903497, 0.031143568655742065
0.0306888988326219, 0.03250418443764959
0.030749556439166718, 0.03146679958860789
0.030278998923445627, 0.03124466598299997
0.030438841676170177, 0.03132216798673783
0.03037938920103691, 0.031191963968532428
0.030735349308022044, 0.031209628696420362
0.030553462669592014, 0.031214305931436166
0.030644860685887662, 0.031115029273288592
0.030378203373402357, 0.03133732719080789
0.030702830614014104, 0.031594796172742336
0.03034252215346152, 0.031347756939274926
0.030398321003568443, 0.031205671041139534
0.030199314044280487, 0.03129655003015484
0.030401504954153842, 0.031286254059523344
0.030233845754992217, 0.031087859932865416
0.030381848256696355, 0.03123871935531497
0.030381737420843408, 0.03181754857567804
0.030265949753282423, 0.031175502575933933
0.03020722972313789, 0.0311588015673416
0.030441322245381094, 0.03120518003457359
0.03051001085391776, 0.031178810367626802
0.030172960256988353, 0.031217302661389112
0.030172844270286575, 0.03133153822273016
0.030516062278977848, 0.03141181297334177
0.03068385244431821, 0.031245553999074867
0.03032105490776964, 0.031079997375075306
0.030147834757173603, 0.031053172357912575
0.030307104891504753, 0.031277629879436324
0.030607428858903322, 0.03128726288144078
0.030226893417685377, 0.031188117805868387
0.03024455319920724, 0.03132717477689896
0.03020314357074147, 0.031227937500391687
0.03013879955132407, 0.03105037978717259
0.030127394819547508, 0.031065380067697594
0.03045073098249056, 0.03109842977885689
0.030159497528802603, 0.03125190342377339
0.03012980588563633, 0.031135158746370246
0.030166769997132095, 0.03116895298340491
0.030367613355205818, 0.03133831439273698
0.030129530295644972, 0.03118383585076247
0.030348378834737972, 0.031146951285856112
0.03015870323764499, 0.03112086247918861
0.030157894605178048, 0.031169595529458353
0.030316776960072192, 0.031198232966874326
0.030283312855119055, 0.031134980664189373
0.03029269863089377, 0.031110774725675583
0.030654291224411944, 0.031497345971209664
0.03028355673463507, 0.03103865629860333
0.03008725995790552, 0.031024781055748463
0.030268078881569883, 0.03135534003376961
0.030110893688503313, 0.03102594068539994
0.03012722696346993, 0.031190693511494567
0.03031822075982663, 0.031592058683080335
0.03107143389484422, 0.03162962810269424
0.030364552106369624, 0.031094011651085957
0.03019306759603999, 0.031164619007280896
0.03005559754727239, 0.031046468897589614
0.030041847908234394, 0.031148333035941635
0.030040313678116284, 0.03103173983150295
0.03003056941088289, 0.031153948977589607
0.030056950788606297, 0.03103565118674721
0.030064698312939567, 0.03105451785294073
0.030157343416728755, 0.03111538736681853
0.03009224848567762, 0.031090681041990007
0.030041514748749748, 0.031082046085170338
0.030027388741092925, 0.031039842404425144
0.03004131211094897, 0.031101381605757133
0.03023270062932914, 0.031071410048753023
0.030048911946571687, 0.031167750512915
0.030001277624714103, 0.031116655229457786
0.030058932511813262, 0.0310757557994553
0.030013817799573933, 0.03132121105279241
0.030317558314312588, 0.031035590717302903
0.030023618109143255, 0.030977810533451184
0.030197966606779533, 0.03112352266907692
0.030632776529951528, 0.031043599492737224
0.030266048894687134, 0.03118644461834005
0.03002041445896876, 0.03108654816501907
0.030381843892180106, 0.031089163518377712
0.030260731144384906, 0.0312346442868667
0.030117385123263705, 0.031094872459237064
0.03000685615168715, 0.03102076186665467
0.029987846801734785, 0.031206630037299225
0.030000880070623348, 0.03105782617681793
0.030041652613065458, 0.031172656188053743
0.03002898440780965, 0.031166761115725552
0.03019606981595809, 0.03113876223298056
0.030016191718591885, 0.0311422975334738
0.030572539280084046, 0.031386115056063445
0.030076191253663804, 0.031033186641122614
0.030135723381218584, 0.03107148994292532
0.029968812127216634, 0.031106428243219852
0.029975085356272756, 0.03101775050163269
0.029980816520665858, 0.03103483222158892
0.03007429086349227, 0.03128093567543796
0.0300964870151471, 0.03108253170336996
0.030029399498281154, 0.031051850944225277
0.030173225374892355, 0.031111678640757288
0.02997694250767712, 0.031032442713954618
0.029929371070201424, 0.03105957812762686
0.03024036619304256, 0.03128766840589898
0.029992513013580305, 0.031002906882869347
0.03026376668871804, 0.031146429079983915
0.030060968222096564, 0.031176645840917314
0.029930333033288743, 0.031036618564810072
0.030049086235124957, 0.031071579416415522
0.0307043637403033, 0.03110067266970873
0.030221300047229636, 0.030984189960041215
0.02997583183883266, 0.03107489612219589
0.029942164286463097, 0.03114199179357716
0.0299657071496106, 0.031302058803183694
0.030106443344530734, 0.03127458731510809
0.030002028740603814, 0.03101266348468406
0.02992453330027109, 0.03104414471558162
0.02991109365089373, 0.03105849233855094
0.029915821431628006, 0.03098347909482462
0.03008986979045651, 0.030987010603504523
0.029992574533786287, 0.031124471221119165
0.0299819966270165, 0.03105967611606632
0.030035583437843755, 0.031152213058833565
0.03028775642795319, 0.031099904461630752
0.030379657794467427, 0.031059034102197205
0.03021913988685066, 0.031035519005464657
0.03022059647535736, 0.03101993352174759
0.030104766015640713, 0.03102880942502192
0.030017016557129947, 0.031042946302997216
0.029957612189040944, 0.031005299583609616
0.030183964832262558, 0.031042281538248062
0.029888375016691334, 0.0310313442855009
0.03008647152984684, 0.03106582716905645
0.029898905169896104, 0.030999104492366314
0.029896627506241204, 0.031048082413950136
0.0298850039686923, 0.030993128461497172
0.029859017011370847, 0.031031665059604814
0.030140873239460318, 0.031063799812857593
0.030330567798492584, 0.031090423930436373
0.03001131016591733, 0.031054982715951546
0.030181491053239865, 0.031150462039347206
0.029972219839692116, 0.03110962121614388
0.029867357295006513, 0.03102058551407286
0.029845098097046666, 0.031010487316442386
0.029848008233503524, 0.031086500601044724
0.02988017662851648, 0.031010942001427923
0.029982162529433316, 0.03104380052536726
0.029861055515092712, 0.031087508292070458
0.029933791010725228, 0.03108987318617957
0.030159145542843775, 0.031065549102744887
0.029898926323618402, 0.030983995978853533
0.029841885677623477, 0.03102686921400683
0.029918775241822005, 0.031082964236182824
0.030149000434374268, 0.030998879178826298
0.029901168317618694, 0.031019512563943863
0.03012008801187304, 0.031053082352238044
0.03008090497248552, 0.031075059436261654
0.030044142376970163, 0.03104511116232191
0.02985603221141818, 0.03104600277064102
0.02994005655531179, 0.031014007117067064
0.029876744124869053, 0.031020134022193297
0.029812946588605303, 0.03100425803235599
0.029840821245769887, 0.031119147648236582
0.029811925341544504, 0.03109349263831973
0.029807925954545764, 0.030981784154261862
0.029896600425920704, 0.030973043691899096
0.02984553553291004, 0.030993340270859853
0.029814287829636174, 0.030997775761144503
0.029994656213305212, 0.031082531969462122
0.029912980696694416, 0.030984853660421714
0.029824728167361834, 0.030985142503465925
0.029893039564856075, 0.031043423738862787
0.029864765669811857, 0.03101872586246048
0.03001636437733065, 0.031108828660632883
0.029852074266157366, 0.031022386425840005
0.03011456490494311, 0.031026099608944997
0.030560863805426792, 0.03118154619421278
0.029882545053789563, 0.031059568348739828
0.030094947505064987, 0.031026051712355444
0.02996944732625376, 0.031048245528446778
0.030212823115289212, 0.030995769492749656
0.029814813353798608, 0.031061606016010046
0.030276896042579955, 0.03100216734622206
0.02983014197300442, 0.031048817094415426
0.02977235472274267, 0.030997324136218855
0.02977512870248492, 0.031065132801554034
0.02977839895439419, 0.031009400795613016
0.02978328813068484, 0.030964337089764222
0.02994982940991494, 0.031005943194031715
0.029777832959503443, 0.031034166725086316
0.029863918462598865, 0.030980794823595455
0.029788619051264092, 0.030985171307942698
0.029818923674015837, 0.030999609734863043
0.029780429923398927, 0.031012527711157287
0.029806551070545206, 0.030972471660269157
0.029777984293601054, 0.030991373916289637
0.030087039827115157, 0.03100775381816285
0.02978361603719267, 0.030994096105652198
0.02976559220326387, 0.031025486732167856
0.029831059772351926, 0.030967068525829484
0.029767697699241, 0.030983098915645053
0.029925383009355176, 0.03101954356368099
0.030282676719467747, 0.03098045229645712
0.029791304369626397, 0.031003792038453475
0.02975767216941511, 0.03102852583729795
0.029754465199287303, 0.031029552553913424
0.029983351625163447, 0.031005664861627986
0.030194485013965856, 0.03100987377443484
0.029782249465246092, 0.030985601379403045
0.029825238278135657, 0.03098306093098862
0.02977529641621831, 0.030971915261553868
0.030055017633871597, 0.03100367888276066
0.03007445800202814, 0.03099590420190777
0.02976325978630815, 0.030976754147559404
0.029812119867313993, 0.031048489601484368
0.02975625632415441, 0.03099500181685601
0.02975306674330072, 0.030996088736823628
0.030254246497696095, 0.031017180465693985
0.02998386367478154, 0.0310114082614226
0.02977347710720179, 0.030991642735898495
0.029887851835651832, 0.031003410129674842
0.02975003045602617, 0.03097117712189044
0.029855431616306306, 0.030974726724837507
0.030000547789545223, 0.03100367183131831
0.02977078528016467, 0.03101443113493068
0.029788153292611242, 0.031009202623473748
0.029727974433494224, 0.03106097790545651
0.02974579506130381, 0.0310742112009653
0.02974981239319525, 0.030968365126422474
0.029735989862290972, 0.031020410425428833
0.030074788744307378, 0.030988205689936876
0.02974277921391397, 0.030978286239717687
0.02973353584635664, 0.031044579377131804
0.029742788944647394, 0.030988225979464396
0.029735300777776336, 0.030971732855375324
0.03015884112736041, 0.03101240557485393
0.030116505074230106, 0.03096816608948367
0.030095027717338366, 0.030987251749528304
0.03000576992265203, 0.031013908396874155
0.030063022711229594, 0.030981626228562424
0.030144667083566837, 0.03099767877055066
0.02995484999635003, 0.031032380781003406
0.029759096157398413, 0.031008265047733272
0.029954783381386237, 0.031000989555780376
0.02983786073005335, 0.03100683293970568
0.02975132650992071, 0.030990181424255882
0.029998045313087376, 0.030997156830770627
0.02973331668287177, 0.030964325847370282
0.029860418747094546, 0.031000984965690544
0.029745778000109236, 0.031034207437187433
0.029728012379597536, 0.030966449595455612
0.030199542150578716, 0.031024602441383258
0.029742118098180403, 0.030985837602721795
0.029820865278386257, 0.030980722978711128
0.029725022190673786, 0.03098476285647069
0.029753971967676825, 0.03099723193528397
0.029716805260713127, 0.031011301092803478
0.02971610936061056, 0.030977193399199417
0.02972614322471517, 0.031007674323128804
0.030007424527271228, 0.030987177842429707
0.029936465874991634, 0.030986972618848085
0.02973655867813663, 0.030987279223544256
0.02982617844827473, 0.030981657494391714
0.029718351394827053, 0.031024542903261527
0.029709482904184948, 0.030976199811058387
0.029736632485450668, 0.031011223859552826
0.029719021202022716, 0.030973287698413645
0.029715360047041693, 0.031014009777988707
0.02974612655075775, 0.03099925915843674
0.0297171760011803, 0.030980226317686693
